maxIter=25
contaMaxDelay=1
14272340425471	142723404421215	0.05333563381881845
14272340425471	14272340439549	0.02237173787818847
14272340425471	142723404430317	0.014275662951064305
14272340425471	14272340437855	1.0E-6
14272340425471	14272340439128	0.02875688494498263
14272340425471	142723404439019	1.0E-6
14272340425471	142723404399710	0.04946054783601994
14272340425471	142723404412513	0.007241167584766117
14272340425471	142723404434518	0.02172373057248933
14272340425471	142723404416914	0.024590475049848237
14272340425471	14272340426843	0.30812266211256656
14272340425471	142723404443620	0.05656574469014686
14272340425471	142723404408312	0.007189109765164403
14272340425471	142723404404211	0.014174486829290345
142723404421215	142723404399710	0.013869892335520717
142723404421215	14272340425471	0.07681397908967824
142723404421215	142723404434518	0.14268239410213823
142723404421215	142723404416914	0.01368014657508354
142723404421215	14272340439549	0.18438402068674975
142723404421215	14272340437855	0.05092990755500182
142723404421215	142723404430317	0.01368014657508354
142723404421215	14272340426843	0.2139853649490675
142723404421215	142723404443620	0.013869892335520717
142723404421215	14272340439128	0.013869892335520717
142723404421215	142723404439019	0.013869892335520717
14272340438717	14272340426843	0.1100231328545398
14272340439549	142723404399710	0.015673498448549594
14272340439549	14272340425471	0.21673914964527086
14272340439549	142723404421215	0.43788867050995606
14272340439549	142723404434518	0.11340784884392718
14272340439549	142723404416914	1.0E-6
14272340439549	14272340437855	0.06877516891211854
14272340439549	14272340426843	0.34131236996923775
14272340439549	142723404426216	0.021692994763604645
14272340439549	142723404408312	0.022676903042935237
14272340439549	142723404439019	0.01626619855322531
14272340437855	142723404399710	0.11735630257661889
14272340437855	14272340425471	0.12364553355515895
14272340437855	142723404412513	0.1100231328545398
14272340437855	142723404421215	0.2828166941193322
14272340437855	142723404434518	0.1100231328545398
14272340437855	14272340439549	0.12364553355515895
14272340437855	14272340426843	0.14112558352571192
14272340437855	142723404443620	0.1100231328545398
142723404430317	14272340425471	0.12454569140768257
142723404430317	14272340426843	0.238519480107513
142723404430317	142723404443620	0.07970658621466953
142723404439019	142723404399710	0.020790919464310775
142723404439019	14272340425471	0.12519169407259056
142723404439019	142723404421215	0.021232379647422306
142723404439019	142723404434518	0.022676903042935237
142723404439019	142723404416914	0.009812800383208753
142723404439019	14272340439549	0.021232379647422306
142723404439019	142723404430317	0.020790919464310775
142723404439019	14272340426843	0.22174285288866002
142723404439019	142723404443620	0.08678423319551598
142723404439019	142723404408312	0.04158363658802955
14272340439128	142723404399710	0.11056477662890529
14272340439128	14272340425471	0.23423899360306422
14272340439128	142723404421215	0.061563025548689865
14272340439128	142723404416914	0.00915519753306171
14272340439128	14272340426843	0.3111603775188776
14272340439128	142723404439019	0.08345784806422785
142723404399710	14272340438276	0.060433994766526666
142723404399710	14272340425471	0.062317393948880806
142723404399710	142723404421215	1.0E-6
142723404399710	142723404416914	1.0E-6
142723404399710	14272340439549	0.0311556718875039
142723404399710	14272340437855	0.030214238369197233
142723404399710	14272340426843	0.10680215907894919
142723404399710	142723404439019	0.037055239544550034
142723404399710	142723404408312	0.030214238369197233
14272340438276	142723404399710	0.05526549323061403
14272340438276	14272340425471	0.05526549323061403
14272340438276	142723404421215	1.0E-6
14272340438276	142723404416914	0.00915519753306171
14272340438276	14272340439549	0.05526549323061403
14272340438276	14272340426843	0.18655156202044054
14272340438276	142723404439019	1.0E-6
142723404412513	14272340425471	0.11499319323560186
142723404412513	14272340426843	0.2076477908923735
142723404412513	142723404443620	0.18401750862619082
142723404412513	14272340439128	0.03436832021112224
142723404434518	14272340425471	0.05294033281941779
142723404434518	14272340438276	0.06237815183748552
142723404434518	142723404421215	0.11590760504674336
142723404434518	142723404416914	0.009812800383208753
142723404434518	14272340439549	0.08678423319551598
142723404434518	14272340437855	1.0E-6
142723404434518	14272340426843	0.3430457332557779
142723404434518	142723404443620	0.022676903042935237
142723404416914	14272340426843	0.3308733757226623
142723404416914	14272340439128	0.1100231328545398
14272340426843	14272340425471	0.027421209925933
14272340426843	142723404421215	0.019359305227908408
14272340426843	14272340438717	0.0018494546225156228
14272340426843	14272340439549	0.005589716864733418
14272340426843	14272340437855	0.003810859751638418
14272340426843	142723404430317	0.0030862298331157945
14272340426843	14272340437124	6.168651157167915E-4
14272340426843	14272340439128	0.006176273124083309
14272340426843	142723404439019	0.010223638224715614
14272340426843	142723404399710	0.007114554413192309
14272340426843	14272340438276	0.005558645599421652
14272340426843	142723404412513	0.0018551730533999944
14272340426843	142723404434518	0.010584653012983836
14272340426843	142723404416914	0.0012862548874181812
14272340426843	14272340426432	0.0012329697005952767
14272340426843	142723404443620	0.011829907225546776
14272340426843	142723404404211	6.172458722630836E-4
14272340426843	142723404408312	6.183909704304824E-4
14272340426432	14272340426843	0.2476708748425338
142723404443620	142723404399710	0.01368014657508354
142723404443620	14272340438276	0.013495522441431262
142723404443620	14272340425471	0.25336920072469127
142723404443620	142723404412513	0.014064975841847627
142723404443620	142723404421215	0.01368014657508354
142723404443620	142723404434518	0.028531831762350635
142723404443620	14272340439549	0.05548277161992132
142723404443620	142723404430317	0.013495522441431262
142723404443620	14272340426843	0.18939047978285828
142723404443620	142723404404211	0.013495522441431262
142723404443620	142723404408312	0.027360805217071515
142723404404211	14272340438276	0.0662542359190521
142723404404211	14272340437855	0.012357997886764949
142723404408312	142723404399710	0.05526549323061403
142723404408312	14272340425471	0.2928993569197935
142723404408312	142723404421215	0.061563025548689865
142723404408312	142723404416914	0.00915519753306171
142723404408312	14272340439549	0.05849954501032428
142723404408312	14272340426843	0.42682396237487374
142723404408312	142723404443620	0.11056477662890529
142723404408312	14272340439128	0.05526549323061403
142723404408312	142723404439019	1.0E-6
